name: ngs
channels:
  - conda-forge
  - bioconda
  - defaults
dependencies:
  - _libgcc_mutex=0.1=main
  - _openmp_mutex=5.1=1_gnu
  - bbmap=38.18=0
  - blast=2.12.0=pl5262h3289130_0
  - bowtie=1.0.0=1
  - bowtie2=2.4.1=py38he513fc3_0
  - bzip2=1.0.8=h7b6447c_0
  - c-ares=1.18.1=h7f8727e_0
  - ca-certificates=2022.07.19=h06a4308_0
  - certifi=2022.9.24=py38h06a4308_0
  - curl=7.84.0=h5eee18b_0
  - dbus=1.13.18=hb2f20db_0
  - entrez-direct=16.2=he881be0_1
  - expat=2.4.9=h6a678d5_0
  - fastq-screen=0.14.0=pl5262hdfd78af_1
  - fastqc=0.11.9=hdfd78af_1
  - font-ttf-dejavu-sans-mono=2.37=hd3eb1b0_0
  - fontconfig=2.13.1=h6c09931_0
  - freetype=2.11.0=h70c0345_0
  - glib=2.69.1=h4ff587b_1
  - icu=58.2=he6710b0_3
  - jpeg=9e=h7f8727e_0
  - kraken2=2.0.7_beta=pl526h2d50403_0
  - krb5=1.19.2=hac12032_0
  - ld_impl_linux-64=2.38=h1181459_1
  - lerc=3.0=h295c915_0
  - libcurl=7.84.0=h91b91d3_0
  - libdeflate=1.8=h7f8727e_5
  - libedit=3.1.20210910=h7f8727e_0
  - libev=4.33=h7f8727e_1
  - libffi=3.3=he6710b0_2
  - libgcc-ng=11.2.0=h1234567_1
  - libgd=2.3.3=h695aa2c_1
  - libgomp=11.2.0=h1234567_1
  - libidn2=2.3.2=h7f8727e_0
  - libnghttp2=1.46.0=hce63b2e_0
  - libpng=1.6.37=hbc83047_0
  - libssh2=1.10.0=h8f2d780_0
  - libstdcxx-ng=11.2.0=h1234567_1
  - libtiff=4.4.0=hecacb30_0
  - libunistring=0.9.10=h27cfd23_0
  - libuuid=1.0.3=h7f8727e_2
  - libwebp-base=1.2.4=h5eee18b_0
  - libxcb=1.15=h7f8727e_0
  - libxml2=2.9.14=h74e7548_0
  - lz4-c=1.9.3=h295c915_1
  - ncurses=6.3=h5eee18b_3
  - openjdk=11.0.13=h87a67e3_0
  - openssl=1.1.1q=h7f8727e_0
  - pcre=8.45=h295c915_0
  - perl=5.26.2=h14c3975_0
  - perl-archive-tar=2.32=pl526_0
  - perl-carp=1.38=pl526_3
  - perl-common-sense=3.74=pl526_2
  - perl-compress-raw-bzip2=2.087=pl526he1b5a44_0
  - perl-compress-raw-zlib=2.087=pl526hc9558a2_0
  - perl-exporter=5.72=pl526_1
  - perl-exporter-tiny=1.002001=pl526_0
  - perl-extutils-makemaker=7.36=pl526_1
  - perl-gd=2.68=pl526he941832_0
  - perl-gdgraph=1.54=pl526_0
  - perl-gdtextutil=0.86=pl526h14c3975_5
  - perl-io-compress=2.087=pl526he1b5a44_0
  - perl-io-zlib=1.10=pl526_2
  - perl-json=4.02=pl526_0
  - perl-json-xs=2.34=pl526h6bb024c_3
  - perl-list-moreutils=0.428=pl526_1
  - perl-list-moreutils-xs=0.428=pl526_0
  - perl-pathtools=3.75=pl526h14c3975_1
  - perl-scalar-list-utils=1.52=pl526h516909a_0
  - perl-types-serialiser=1.0=pl526_2
  - perl-xsloader=0.24=pl526_0
  - pip=22.2.2=py38h06a4308_0
  - python=3.8.13=h12debd9_0
  - readline=8.1.2=h7f8727e_1
  - setuptools=63.4.1=py38h06a4308_0
  - sqlite=3.39.3=h5082296_0
  - tbb=2020.3=hfd86e86_0
  - tk=8.6.12=h1ccaba5_0
  - wget=1.21.3=h0b77cf5_0
  - wheel=0.37.1=pyhd3eb1b0_0
  - xz=5.2.6=h5eee18b_0
  - zlib=1.2.12=h5eee18b_3
  - zstd=1.5.2=ha4553b6_0
prefix: /home/dmlicuanan/miniconda3/envs/ngs
